2.00057175809943
2.02152589829469
2.04229150719767
2.06287100226151
2.0832668623181
2.1034816308643
2.12351791913729
2.14337840899507
2.16306585561897
2.1825830900562
2.20193302162153
2.22111864017822
2.2401430183195
2.25900931347278
2.27772076995025
2.29628072097029
2.31469259067534
2.33295989617319
2.35108624962954
2.36907536044118
2.38693103752
2.40465719171994
2.4222578384396
2.43973710043554
2.4570992108821
2.47434851671599
2.49148948230529
2.50852669348478
2.52546486200194
2.54230883042022
2.55906357752928
2.57573422431501
2.59232604054563
2.60884445203425
2.6252950486426
2.6416835930959
2.65801603068402
2.6742984999308
2.69053734432007
2.70673912517487
2.72291063579522
2.73905891696931
2.75519127398422
2.77131529527402
2.78743887285691
2.80357022472793
2.81971791939031
2.83589090272718
2.85209852743542
2.86835058526608
2.88465734234052
2.90102957783819
2.91747862638206
2.93401642447925
2.95065556140971
2.96740933499294
2.98429181270236
3.00131789863906
3.01850340691972
3.03586514207792
3.05342098712123
3.07118999992772
3.08919251870213
3.1074502772393
3.12598653075787
3.14482619306231
3.16399598575916
3.18352460018165
3.20344287255194
3.22378397271238
3.24458360646278
3.26588023111832
3.28771528331339
3.31013341727276
3.33318275069237
3.35691511394857
3.38138629650206
3.40665628198958
3.43278946050093
3.45985480282391
3.4879259769229
3.51708138155481
3.54740406575146
3.5789814960685
3.61190512636859
3.64626971810158
3.68217235356972
3.7197110819848
3.75898314021056
3.80008269937932
3.8430981077938
3.88810863222806
3.93518074560175
3.98436406881089
4.0356871450175
4.08915329869734
4.14473689770186
4.20238037966571
4.26199240870285
4.3234474822336
4.38658720669587
4.45122331209746
4.51714229844466
4.58411143074482
4.65188565471485
4.72021491809848
4.78885136587663
4.85755592976802
4.92610393797664
4.99428950674261
5.06192861597814
5.12886089634774
5.19495025123382
5.26008449883795
5.32417424864027
5.38715122837484
5.44896626031211
5.50958705672468
5.56899597052099
5.62718780303757
5.68416774002478
5.73994946061487
5.7945534430916
5.84800547542585
5.90033536722094
5.95157585216054
6.0017616654727
6.05092877858108
6.09911377237671
6.14635333089903
6.19268383826681
6.23814106315184
6.28275991672964
0.0433889645468444
0.0864315246354981
0.128733734959109
0.170325725946183
0.211236283815935
0.25149284225353
0.291121490671246
0.330146995273442
0.368592829824205
0.406481213590857
0.443833154417538
0.480668495284054
0.517005963037391
0.552863218257519
0.58825690544435
0.62320270289683
0.657715371805152
0.691808804198537
0.725496069489014
0.758789459430204
0.791700531372654
0.824240149746798
0.856418525743406
0.888245255191439
0.919729354656266
0.950879295798414
0.981703038045715
1.0122080596406
1.04240138713027
1.07228962337114
1.10187897412062
1.13117527328956
1.16018400692813
1.18891033601587
1.21735911812443
1.24553492801897
1.2734420772607
1.30108463286986
1.32846643510509
1.35559111441131
1.38246210758505
1.40908267320239
1.43545590635147
1.46158475270808
1.48747202198984
1.51312040082134
1.53853246503981
1.56371069146813
1.58865746917971
1.61337511027707
1.63786586020434
1.6621319076113
1.68617539378549
1.70999842166698
1.73360306445899
1.75699137384667
1.78016538783504
1.80312713821649
1.82587865767745
1.84842198655357
1.87075917924219
1.892892310281
1.91482348010157
1.93655482046683
1.95808849960155
1.97942672702548
2.00057175809942
