4.00114351619885
4.02224386689348
4.04344802035176
4.06475813335622
4.08617625081255
4.10770430981939
4.12934414383351
4.151097486939
4.17296597822841
4.19495116630274
4.21705451389663
4.23927740263423
4.26162113792117
4.28408695397725
4.30667601901444
4.32938944056481
4.35222827096283
4.37519351298689
4.39828612566506
4.42150703025097
4.44485711637598
4.46833724838504
4.49194827186457
4.51569102037178
4.53956632237666
4.56357500842917
4.58771791856614
4.61199590997461
4.63640986493041
4.66096069903356
4.68564936976481
4.71047688539072
4.7354443142483
4.76055279444368
4.78580354400379
4.81119787152418
4.83673718736131
4.86242301542293
4.88825700561627
4.91424094701993
4.94037678185291
4.96666662032179
4.9931127564356
5.01971768488748
5.04648411911254
5.07341501064234
5.10051356988921
5.12778328850681
5.1552279634883
5.18285172317951
5.2106590554022
5.2386548379012
5.26684437135004
5.29523341517149
5.32382822645287
5.35263560226077
5.38166292568553
5.4109182159723
5.44041018312203
5.47014828737121
5.50014280398306
5.53040489380272
5.56094668004282
5.59178133177065
5.62292315455956
5.65438768873971
5.68619181563013
5.71835387204439
5.75089377322605
5.78383314416888
5.81719545899345
5.85100618765832
5.88529294875096
5.92008566639086
5.95541672833852
5.99132114118353
6.0278366769182
6.06500400322048
6.10286678729647
6.14147176010058
6.18086872410921
6.22111048355732
6.26225267121201
0.0211681333375333
0.0642876794503302
0.108487547870663
0.153829685909888
0.200375191409454
0.24818271654898
0.297306494284516
0.347793973099489
0.399683074286726
0.452999126023799
0.507751579486107
0.563930670971557
0.621504253924035
0.680415075766788
0.740578803952354
0.801883100719887
0.864187997126543
0.927327721588815
0.991114004114505
1.05534072273131
1.11978960880976
1.18423660994155
1.24845844405253
1.31223887655184
1.37537431019007
1.43767838003531
1.4989853720483
1.55915241088334
1.61806047268616
1.67561436065847
1.73174183117812
1.78639207840935
1.83953378145658
1.89115289758115
1.94125035500564
1.98983976534391
2.03694524304429
2.08259939012187
2.12684148023082
2.16971585714291
2.2112705486624
2.25155608727631
2.29062452262711
2.32852860741122
2.36532113683907
2.40105442173713
2.43577987625011
2.46954770254373
2.50240665664636
2.5344038814128
2.56558479441781
2.5959930203129
2.62567035876079
2.65465678047753
2.68299044515663
2.71070773612853
2.73784330753308
2.76443014056673
2.79049960602653
2.8160815309241
2.8412042674007
2.86589476255189
2.89017862808056
2.91408020894976
2.93762265041232
2.96082796295983
2.98371708486684
3.00630994211197
3.02862550554189
3.05068184520984
3.07249618187156
3.09408493566122
3.11546377199904
3.1366476448049
3.15765083710764
3.1784869991509
3.19916918410341
3.21970988148565
3.24012104842647
3.26041413886328
3.28060013079791
3.30068955171784
3.32069250228933
3.3406186784253
3.3604773918271
3.38027758909469
3.40002786949623
3.41973650148321
3.43941143803356
3.45906033090114
3.4786905438459
3.49830916491557
3.51792301784603
3.53753867264431
3.5571624554148
3.57680045748645
3.59645854389579
3.61614236127793
3.63585734521522
3.65560872709078
3.67540154049184
3.69524062720582
3.71513064284968
3.73507606217145
3.75508118406066
3.77515013630267
3.79528688011014
3.81549521446303
3.83577878028689
3.8561410644975
3.87658540393842
3.89711498923609
3.91773286859601
3.93844195156154
3.95924501275563
3.98014469562427
4.00114351619885
