-2.24592785973193
-2.27709859646086
-2.30734856673168
-2.33652457821041
-2.36450034210704
-2.39117756269316
-2.41648563528261
-2.44038016115279
-2.46284056029789
-2.483867088988
-2.50347755532026
-2.5217039840223
-2.53858942484272
-2.55418503849462
-2.56854753866555
-2.58173702288102
-2.59381519077415
-2.60484392518512
-2.61488419786125
-2.62399525523127
-2.63223403866117
-2.63965479592616
-2.64630884490111
-2.65224445562733
-2.65750682224416
-2.66213810134113
-2.66617749785
-2.66966138355186
-2.67262343660719
-2.67509479326168
-2.67710420509967
-2.6786781969824
-2.67984122219378
-2.6806158123881
-2.68102272075377
-2.68108105742447
-2.68080841662808
-2.6802209953986
-2.67933370391574
-2.67816026770313
-2.6767133220277
-2.67500449891233
-2.67304450721343
-2.67084320623251
-2.66840967333175
-2.66575226601404
-2.66287867891066
-2.65979599609777
-2.65651073913794
-2.65302891121676
-2.64935603771823
-2.6454972035562
-2.64145708755389
-2.63723999413969
-2.63284988260437
-2.62829039414373
-2.62356487689105
-2.61867640912534
-2.61362782082451
-2.60842171371739
-2.60306047997404
-2.59754631966116
-2.59188125707736
-2.58606715607245
-2.58010573444482
-2.57399857750233
-2.56774715086367
-2.56135281256974
-2.55481682456796
-2.54814036362596
-2.54132453172563
-2.53437036598316
-2.52727884813611
-2.52005091363419
-2.51268746036645
-2.50518935705397
-2.49755745133404
-2.48979257755859
-2.48189556432707
-2.47386724177158
-2.46570844860974
-2.45742003897892
-2.44900288906349
-2.44045790352562
-2.43178602174834
-2.42298822389864
-2.41406553681762
-2.40501903974344
-2.3958498698726
-2.38655922776445
-2.37714838259365
-2.36761867725491
-2.35797153332474
-2.34820845588479
-2.33833103821163
-2.32834096633868
-2.31824002349589
-2.308030094434
-2.29771316964072
-2.28729134945703
-2.27676684810289
-2.2661419976227
-2.25541925176178
-2.2446011897867
-2.23369052026319
-2.22269008480702
-2.21160286182429
-2.20043197025926
-2.18918067336928
-2.17785238254752
-2.16645066121637
-2.15497922881529
-2.14344196490887
-2.13184291344238
-2.12018628717365
-2.10847647231196
-2.09671803339615
-2.08491571844612
-2.07307446442353
-2.06119940303958
-2.04929586694947
-2.03736939637537
-2.02542574620177
-2.01347089358921
-2.00151104615499
-1.98955265077154
-1.97760240303613
-1.96566725746806
-1.95375443849258
-1.94187145227371
-1.93002609946158
-1.91822648892316
-1.90648105252899
-1.89479856107233
-1.88318814140092
-1.87165929484582
-1.8602219170358
-1.84888631919002
-1.83766325098595
-1.82656392510342
-1.81560004354968
-1.80478382587347
-1.79412803937937
-1.78364603145517
-1.77335176412619
-1.76325985094953
-1.75338559635859
-1.74374503756243
-1.73435498909603
-1.72523309010408
-1.71639785442196
-1.7078687234925
-1.69966612212217
-1.69181151703592
-1.68432747813139
-1.67723774225886
-1.67056727925866
-1.66434235986909
-1.65859062496908
-1.65334115543517
-1.64862454166444
-1.64447295153488
-1.64092019523202
-1.638001784955
-1.63575498701219
-1.6342188632128
-1.63343429774085
-1.63344400484526
-1.63429251168012
-1.63602610946855
-1.63869276483367
-1.64234198164037
-1.64702460203455
-1.65279253358345
-1.65969838757387
-1.66779501171397
-1.67713489886649
-1.68776945224135
-1.69974808701219
-1.71311714901477
-1.72791863357843
-1.74418869229414
-1.76195592339355
-1.78123945320314
-1.80204683258421
-1.82437179387004
-1.84819194057766
-1.87346647329794
-1.90013408867139
-1.92811122074498
-1.95729082010886
-1.98754187936181
-2.01870990619614
-2.0506185108625
-2.08307220870436
-2.11586044146037
-2.14876270052655
-2.18155450614692
-2.21401387922508
-2.24592785973193
