-1.92836743044041
-1.95911279114317
-1.98809034077314
-2.01515786275836
-2.04020688628823
-2.06316310859287
-2.08398524177687
-2.10266256022101
-2.11921149828962
-2.13367166768723
-2.14610163811696
-2.15657476839489
-2.16517530350968
-2.17199487968193
-2.17712951367632
-2.18067709959675
-2.18273539773062
-2.1834004748312
-2.1827655413109
-2.1809201254566
-2.17794952535406
-2.17393448350066
-2.16895103537806
-2.16307049032465
-2.15635951008777
-2.14888025696757
-2.14069058924286
-2.13184428650747
-2.12239129165294
-2.11237795957676
-2.10184730536722
-2.0908392468166
-2.07939083774118
-2.06753648982861
-2.05530818166596
-2.04273565429245
-2.02984659312053
-2.01666679642357
-2.00322033083087
-1.98952967442951
-1.97561584816861
-1.96149853631242
-1.9471961967052
-1.93272616160565
-1.91810472982582
-1.90334725087732
-1.88846820178832
-1.87348125721227
-1.85839935340531
-1.84323474660556
-1.8279990663046
-1.81270336386079
-1.79735815686547
-1.78197346963687
-1.76655887018328
-1.75112350394606
-1.73567612460475
-1.72022512220076
-1.70477854881244
-1.68934414199316
-1.67392934616438
-1.65854133213845
-1.64318701492994
-1.62787307000014
-1.6126059480665
-1.59739188859738
-1.5822369321021
-1.56714693131703
-1.55212756138025
-1.5371843290797
-1.52232258125348
-1.50754751241457
-1.49286417166735
-1.47827746897839
-1.46379218085975
-1.44941295551937
-1.43514431752966
-1.42099067206249
-1.40695630873601
-1.39304540511629
-1.37926202991472
-1.36561014591989
-1.35209361270118
-1.33871618911924
-1.32548153567748
-1.31239321674672
-1.2994547026944
-1.28666937194785
-1.27404051302053
-1.26157132652834
-1.24926492722247
-1.23712434606384
-1.22515253236309
-1.21335235600902
-1.20172660980736
-1.19027801195038
-1.17900920863715
-1.16792277686282
-1.15702122739455
-1.14630700795029
-1.13578250659616
-1.12545005537653
-1.11531193419061
-1.10537037492796
-1.0956275658749
-1.08608565640276
-1.07674676194852
-1.06761296929761
-1.05868634217821
-1.04996892717634
-1.04146275998025
-1.03316987196322
-1.02509229711328
-1.01723207931915
-1.00959128002173
-1.0021719862411
-0.994976318989768
-0.988006442083807
-0.981264571364507
-0.974752984344559
-0.968474030294191
-0.962430140784318
-0.956623840705671
-0.951057759784833
-0.9457346446204
-0.94065737126485
-0.935828958380327
-0.931252580999298
-0.926931584923985
-0.92286950180156
-0.919070064915325
-0.91553722573545
-0.91227517127628
-0.909288342310751
-0.906581452495964
-0.904159508467505
-0.902027830963493
-0.900192077042597
-0.898658263463236
-0.89743279129376
-0.896522471825444
-0.895934553861395
-0.895676752454787
-0.895757279168868
-0.896184873928514
-0.89696883852844
-0.89811907185577
-0.899646106874012
-0.901561149400628
-0.903876118690444
-0.906603689810766
-0.909757337759869
-0.913351383236659
-0.917401039913579
-0.921922462994674
-0.926932798752926
-0.932450234631795
-0.938494049360865
-0.945084662369174
-0.952243681576076
-0.959993948390819
-0.968359578450016
-0.977365996256983
-0.987039961447451
-0.997409583880166
-1.00850432412499
-1.02035497518136
-1.03299362039266
-1.04645356151431
-1.0607692097361
-1.07597593114874
-1.09210983668612
-1.10920750499015
-1.12730562497631
-1.14644054320031
-1.16664769955758
-1.1879609335638
-1.2104116427183
-1.2340277745867
-1.25883263570766
-1.28484350380376
-1.3120700357438
-1.34051247303964
-1.37015966015961
-1.40098690929994
-1.4329537688808
-1.46600178176497
-1.5000523519649
-1.53500487304398
-1.57073530354169
-1.60709539880809
-1.64391281735355
-1.68099230526436
-1.71811811735675
-1.75505775460408
-1.79156698564157
-1.82739598507449
-1.86229628018838
-1.89602807390739
-1.92836743044041
